S = 
[(0, 0, 0, [[9, 0], [1, 4], [7, 4], [9, 4]], [[0, 3], [5, 2]], "Comeco"), 
(1, 0, 0, [[9, 0], [1, 4], [7, 4], [9, 4]], [[0, 3], [5, 2]], "Anda"), 
(3, 0, 0, [[9, 0], [1, 4], [7, 4], [9, 4]], [[0, 3], [5, 2]], "Anda"), 
(4, 0, 0, [[9, 0], [1, 4], [7, 4], [9, 4]], [[0, 3], [5, 2]], "Anda"), 
(4, 1, 0, [[9, 0], [1, 4], [7, 4], [9, 4]], [[0, 3], [5, 2]], "Anda"), 
(3, 1, 0, [[9, 0], [1, 4], [7, 4], [9, 4]], [[0, 3], [5, 2]], "Anda"), 
(1, 1, 0, [[9, 0], [1, 4], [7, 4], [9, 4]], [[0, 3], [5, 2]], "Anda"), 
(0, 1, 0, [[9, 0], [1, 4], [7, 4], [9, 4]], [[0, 3], [5, 2]], "Anda"), 
(0, 2, 0, [[9, 0], [1, 4], [7, 4], [9, 4]], [[0, 3], [5, 2]], "Anda"), 
(1, 2, 0, [[9, 0], [1, 4], [7, 4], [9, 4]], [[0, 3], [5, 2]], "Anda"), 
(2, 2, 0, [[9, 0], [1, 4], [7, 4], [9, 4]], [[0, 3], [5, 2]], "Anda"), 
(3, 2, 0, [[9, 0], [1, 4], [7, 4], [9, 4]], [[0, 3], [5, 2]], "Anda"), 
(3, 3, 0, [[9, 0], [1, 4], [7, 4], [9, 4]], [[0, 3], [5, 2]], "Anda"), 
(2, 3, 0, [[9, 0], [1, 4], [7, 4], [9, 4]], [[0, 3], [5, 2]], "Anda"), 
(1, 3, 0, [[9, 0], [1, 4], [7, 4], [9, 4]], [[0, 3], [5, 2]], "Anda"), 
(0, 3, 0, [[9, 0], [1, 4], [7, 4], [9, 4]], [[0, 3], [5, 2]], "Anda"), 
(0, 3, 2, [[9, 0], [1, 4], [7, 4], [9, 4]], [[5, 2]], "Pega"), 
(1, 3, 2, [[9, 0], [1, 4], [7, 4], [9, 4]], [[5, 2]], "Anda"), 
(2, 3, 2, [[9, 0], [1, 4], [7, 4], [9, 4]], [[5, 2]], "Anda"), 
(2, 4, 2, [[9, 0], [1, 4], [7, 4], [9, 4]], [[5, 2]], "Anda"), 
(1, 4, 2, [[9, 0], [1, 4], [7, 4], [9, 4]], [[5, 2]], "Anda"), 
(1, 4, 1, [[9, 0], [7, 4], [9, 4]], [[5, 2]], "Apaga"), 
(2, 4, 1, [[9, 0], [7, 4], [9, 4]], [[5, 2]], "Anda"), 
(3, 4, 1, [[9, 0], [7, 4], [9, 4]], [[5, 2]], "Anda"), 
(4, 4, 1, [[9, 0], [7, 4], [9, 4]], [[5, 2]], "Anda"), 
(6, 4, 1, [[9, 0], [7, 4], [9, 4]], [[5, 2]], "Anda"), 
(7, 4, 1, [[9, 0], [7, 4], [9, 4]], [[5, 2]], "Anda"), 
(7, 4, 0, [[9, 0], [9, 4]], [[5, 2]], "Apaga"), 
(8, 4, 0, [[9, 0], [9, 4]], [[5, 2]], "Anda"), 
(8, 3, 0, [[9, 0], [9, 4]], [[5, 2]], "Anda"), 
(9, 3, 0, [[9, 0], [9, 4]], [[5, 2]], "Anda"), 
(9, 2, 0, [[9, 0], [9, 4]], [[5, 2]], "Anda"), 
(8, 2, 0, [[9, 0], [9, 4]], [[5, 2]], "Anda"), 
(7, 2, 0, [[9, 0], [9, 4]], [[5, 2]], "Anda"), 
(6, 2, 0, [[9, 0], [9, 4]], [[5, 2]], "Anda"), 
(5, 2, 0, [[9, 0], [9, 4]], [[5, 2]], "Anda"), 
(5, 2, 2, [[9, 0], [9, 4]], [], "Pega"), 
(6, 2, 2, [[9, 0], [9, 4]], [], "Anda"), 
(7, 2, 2, [[9, 0], [9, 4]], [], "Anda"), 
(7, 1, 2, [[9, 0], [9, 4]], [], "Anda"), 
(8, 1, 2, [[9, 0], [9, 4]], [], "Anda"), 
(8, 0, 2, [[9, 0], [9, 4]], [], "Anda"), 
(9, 0, 2, [[9, 0], [9, 4]], [], "Anda"), 
(9, 0, 1, [[9, 4]], [], "Apaga"), 
(8, 0, 1, [[9, 4]], [], "Anda"), 
(8, 1, 1, [[9, 4]], [], "Anda"), 
(7, 1, 1, [[9, 4]], [], "Anda"), 
(7, 2, 1, [[9, 4]], [], "Anda"), 
(8, 2, 1, [[9, 4]], [], "Anda"), 
(9, 2, 1, [[9, 4]], [], "Anda"), 
(9, 3, 1, [[9, 4]], [], "Anda"), 
(8, 3, 1, [[9, 4]], [], "Anda"), 
(8, 4, 1, [[9, 4]], [], "Anda"), 
(9, 4, 1, [[9, 4]], [], "Anda"), 
(9, 4, 0, [], [], "Apaga")]