S = 
[(0, 0, 0, [[7, 0], [7, 1], [8, 0], [8, 1], [9, 0], [9, 1]], [[7, 2], [8, 2], [9, 2]], "Comeco"), 
(1, 0, 0, [[7, 0], [7, 1], [8, 0], [8, 1], [9, 0], [9, 1]], [[7, 2], [8, 2], [9, 2]], "Anda"), 
(2, 0, 0, [[7, 0], [7, 1], [8, 0], [8, 1], [9, 0], [9, 1]], [[7, 2], [8, 2], [9, 2]], "Anda"), 
(2, 1, 0, [[7, 0], [7, 1], [8, 0], [8, 1], [9, 0], [9, 1]], [[7, 2], [8, 2], [9, 2]], "Anda"), 
(1, 1, 0, [[7, 0], [7, 1], [8, 0], [8, 1], [9, 0], [9, 1]], [[7, 2], [8, 2], [9, 2]], "Anda"), 
(1, 2, 0, [[7, 0], [7, 1], [8, 0], [8, 1], [9, 0], [9, 1]], [[7, 2], [8, 2], [9, 2]], "Anda"), 
(2, 2, 0, [[7, 0], [7, 1], [8, 0], [8, 1], [9, 0], [9, 1]], [[7, 2], [8, 2], [9, 2]], "Anda"), 
(3, 2, 0, [[7, 0], [7, 1], [8, 0], [8, 1], [9, 0], [9, 1]], [[7, 2], [8, 2], [9, 2]], "Anda"), 
(4, 2, 0, [[7, 0], [7, 1], [8, 0], [8, 1], [9, 0], [9, 1]], [[7, 2], [8, 2], [9, 2]], "Anda"), 
(5, 2, 0, [[7, 0], [7, 1], [8, 0], [8, 1], [9, 0], [9, 1]], [[7, 2], [8, 2], [9, 2]], "Anda"), 
(6, 2, 0, [[7, 0], [7, 1], [8, 0], [8, 1], [9, 0], [9, 1]], [[7, 2], [8, 2], [9, 2]], "Anda"), 
(7, 2, 0, [[7, 0], [7, 1], [8, 0], [8, 1], [9, 0], [9, 1]], [[7, 2], [8, 2], [9, 2]], "Anda"), 
(7, 2, 2, [[7, 0], [7, 1], [8, 0], [8, 1], [9, 0], [9, 1]], [[8, 2], [9, 2]], "Pega"), 
(6, 2, 2, [[7, 0], [7, 1], [8, 0], [8, 1], [9, 0], [9, 1]], [[8, 2], [9, 2]], "Anda"), 
(5, 2, 2, [[7, 0], [7, 1], [8, 0], [8, 1], [9, 0], [9, 1]], [[8, 2], [9, 2]], "Anda"), 
(4, 2, 2, [[7, 0], [7, 1], [8, 0], [8, 1], [9, 0], [9, 1]], [[8, 2], [9, 2]], "Anda"), 
(3, 2, 2, [[7, 0], [7, 1], [8, 0], [8, 1], [9, 0], [9, 1]], [[8, 2], [9, 2]], "Anda"), 
(2, 2, 2, [[7, 0], [7, 1], [8, 0], [8, 1], [9, 0], [9, 1]], [[8, 2], [9, 2]], "Anda"), 
(1, 2, 2, [[7, 0], [7, 1], [8, 0], [8, 1], [9, 0], [9, 1]], [[8, 2], [9, 2]], "Anda"), 
(1, 1, 2, [[7, 0], [7, 1], [8, 0], [8, 1], [9, 0], [9, 1]], [[8, 2], [9, 2]], "Anda"), 
(2, 1, 2, [[7, 0], [7, 1], [8, 0], [8, 1], [9, 0], [9, 1]], [[8, 2], [9, 2]], "Anda"), 
(2, 0, 2, [[7, 0], [7, 1], [8, 0], [8, 1], [9, 0], [9, 1]], [[8, 2], [9, 2]], "Anda"), 
(3, 0, 2, [[7, 0], [7, 1], [8, 0], [8, 1], [9, 0], [9, 1]], [[8, 2], [9, 2]], "Anda"), 
(4, 0, 2, [[7, 0], [7, 1], [8, 0], [8, 1], [9, 0], [9, 1]], [[8, 2], [9, 2]], "Anda"), 
(5, 0, 2, [[7, 0], [7, 1], [8, 0], [8, 1], [9, 0], [9, 1]], [[8, 2], [9, 2]], "Anda"), 
(6, 0, 2, [[7, 0], [7, 1], [8, 0], [8, 1], [9, 0], [9, 1]], [[8, 2], [9, 2]], "Anda"), 
(7, 0, 2, [[7, 0], [7, 1], [8, 0], [8, 1], [9, 0], [9, 1]], [[8, 2], [9, 2]], "Anda"), 
(7, 0, 1, [[7, 1], [8, 0], [8, 1], [9, 0], [9, 1]], [[8, 2], [9, 2]], "Apaga"), 
(6, 0, 1, [[7, 1], [8, 0], [8, 1], [9, 0], [9, 1]], [[8, 2], [9, 2]], "Anda"), 
(5, 0, 1, [[7, 1], [8, 0], [8, 1], [9, 0], [9, 1]], [[8, 2], [9, 2]], "Anda"), 
(4, 0, 1, [[7, 1], [8, 0], [8, 1], [9, 0], [9, 1]], [[8, 2], [9, 2]], "Anda"), 
(3, 0, 1, [[7, 1], [8, 0], [8, 1], [9, 0], [9, 1]], [[8, 2], [9, 2]], "Anda"), 
(2, 0, 1, [[7, 1], [8, 0], [8, 1], [9, 0], [9, 1]], [[8, 2], [9, 2]], "Anda"), 
(2, 1, 1, [[7, 1], [8, 0], [8, 1], [9, 0], [9, 1]], [[8, 2], [9, 2]], "Anda"), 
(3, 1, 1, [[7, 1], [8, 0], [8, 1], [9, 0], [9, 1]], [[8, 2], [9, 2]], "Anda"), 
(4, 1, 1, [[7, 1], [8, 0], [8, 1], [9, 0], [9, 1]], [[8, 2], [9, 2]], "Anda"), 
(5, 1, 1, [[7, 1], [8, 0], [8, 1], [9, 0], [9, 1]], [[8, 2], [9, 2]], "Anda"), 
(6, 1, 1, [[7, 1], [8, 0], [8, 1], [9, 0], [9, 1]], [[8, 2], [9, 2]], "Anda"), 
(7, 1, 1, [[7, 1], [8, 0], [8, 1], [9, 0], [9, 1]], [[8, 2], [9, 2]], "Anda"), 
(7, 1, 0, [[8, 0], [8, 1], [9, 0], [9, 1]], [[8, 2], [9, 2]], "Apaga"), 
(6, 1, 0, [[8, 0], [8, 1], [9, 0], [9, 1]], [[8, 2], [9, 2]], "Anda"), 
(5, 1, 0, [[8, 0], [8, 1], [9, 0], [9, 1]], [[8, 2], [9, 2]], "Anda"), 
(4, 1, 0, [[8, 0], [8, 1], [9, 0], [9, 1]], [[8, 2], [9, 2]], "Anda"), 
(3, 1, 0, [[8, 0], [8, 1], [9, 0], [9, 1]], [[8, 2], [9, 2]], "Anda"), 
(2, 1, 0, [[8, 0], [8, 1], [9, 0], [9, 1]], [[8, 2], [9, 2]], "Anda"), 
(1, 1, 0, [[8, 0], [8, 1], [9, 0], [9, 1]], [[8, 2], [9, 2]], "Anda"), 
(1, 2, 0, [[8, 0], [8, 1], [9, 0], [9, 1]], [[8, 2], [9, 2]], "Anda"), 
(2, 2, 0, [[8, 0], [8, 1], [9, 0], [9, 1]], [[8, 2], [9, 2]], "Anda"), 
(3, 2, 0, [[8, 0], [8, 1], [9, 0], [9, 1]], [[8, 2], [9, 2]], "Anda"), 
(4, 2, 0, [[8, 0], [8, 1], [9, 0], [9, 1]], [[8, 2], [9, 2]], "Anda"), 
(5, 2, 0, [[8, 0], [8, 1], [9, 0], [9, 1]], [[8, 2], [9, 2]], "Anda"), 
(6, 2, 0, [[8, 0], [8, 1], [9, 0], [9, 1]], [[8, 2], [9, 2]], "Anda"), 
(7, 2, 0, [[8, 0], [8, 1], [9, 0], [9, 1]], [[8, 2], [9, 2]], "Anda"), 
(8, 2, 0, [[8, 0], [8, 1], [9, 0], [9, 1]], [[8, 2], [9, 2]], "Anda"), 
(8, 2, 2, [[8, 0], [8, 1], [9, 0], [9, 1]], [[9, 2]], "Pega"), 
(7, 2, 2, [[8, 0], [8, 1], [9, 0], [9, 1]], [[9, 2]], "Anda"), 
(6, 2, 2, [[8, 0], [8, 1], [9, 0], [9, 1]], [[9, 2]], "Anda"), 
(5, 2, 2, [[8, 0], [8, 1], [9, 0], [9, 1]], [[9, 2]], "Anda"), 
(4, 2, 2, [[8, 0], [8, 1], [9, 0], [9, 1]], [[9, 2]], "Anda"), 
(3, 2, 2, [[8, 0], [8, 1], [9, 0], [9, 1]], [[9, 2]], "Anda"), 
(2, 2, 2, [[8, 0], [8, 1], [9, 0], [9, 1]], [[9, 2]], "Anda"), 
(1, 2, 2, [[8, 0], [8, 1], [9, 0], [9, 1]], [[9, 2]], "Anda"), 
(1, 1, 2, [[8, 0], [8, 1], [9, 0], [9, 1]], [[9, 2]], "Anda"), 
(2, 1, 2, [[8, 0], [8, 1], [9, 0], [9, 1]], [[9, 2]], "Anda"), 
(3, 1, 2, [[8, 0], [8, 1], [9, 0], [9, 1]], [[9, 2]], "Anda"), 
(4, 1, 2, [[8, 0], [8, 1], [9, 0], [9, 1]], [[9, 2]], "Anda"), 
(5, 1, 2, [[8, 0], [8, 1], [9, 0], [9, 1]], [[9, 2]], "Anda"), 
(6, 1, 2, [[8, 0], [8, 1], [9, 0], [9, 1]], [[9, 2]], "Anda"), 
(7, 1, 2, [[8, 0], [8, 1], [9, 0], [9, 1]], [[9, 2]], "Anda"), 
(8, 1, 2, [[8, 0], [8, 1], [9, 0], [9, 1]], [[9, 2]], "Anda"), 
(8, 1, 1, [[8, 0], [9, 0], [9, 1]], [[9, 2]], "Apaga"), 
(9, 1, 1, [[8, 0], [9, 0], [9, 1]], [[9, 2]], "Anda"), 
(9, 1, 0, [[8, 0], [9, 0]], [[9, 2]], "Apaga"), 
(8, 1, 0, [[8, 0], [9, 0]], [[9, 2]], "Anda"), 
(7, 1, 0, [[8, 0], [9, 0]], [[9, 2]], "Anda"), 
(6, 1, 0, [[8, 0], [9, 0]], [[9, 2]], "Anda"), 
(5, 1, 0, [[8, 0], [9, 0]], [[9, 2]], "Anda"), 
(4, 1, 0, [[8, 0], [9, 0]], [[9, 2]], "Anda"), 
(3, 1, 0, [[8, 0], [9, 0]], [[9, 2]], "Anda"), 
(2, 1, 0, [[8, 0], [9, 0]], [[9, 2]], "Anda"), 
(1, 1, 0, [[8, 0], [9, 0]], [[9, 2]], "Anda"), 
(1, 2, 0, [[8, 0], [9, 0]], [[9, 2]], "Anda"), 
(2, 2, 0, [[8, 0], [9, 0]], [[9, 2]], "Anda"), 
(3, 2, 0, [[8, 0], [9, 0]], [[9, 2]], "Anda"), 
(4, 2, 0, [[8, 0], [9, 0]], [[9, 2]], "Anda"), 
(5, 2, 0, [[8, 0], [9, 0]], [[9, 2]], "Anda"), 
(6, 2, 0, [[8, 0], [9, 0]], [[9, 2]], "Anda"), 
(7, 2, 0, [[8, 0], [9, 0]], [[9, 2]], "Anda"), 
(8, 2, 0, [[8, 0], [9, 0]], [[9, 2]], "Anda"), 
(9, 2, 0, [[8, 0], [9, 0]], [[9, 2]], "Anda"), 
(9, 2, 2, [[8, 0], [9, 0]], [], "Pega"), 
(8, 2, 2, [[8, 0], [9, 0]], [], "Anda"), 
(7, 2, 2, [[8, 0], [9, 0]], [], "Anda"), 
(6, 2, 2, [[8, 0], [9, 0]], [], "Anda"), 
(5, 2, 2, [[8, 0], [9, 0]], [], "Anda"), 
(4, 2, 2, [[8, 0], [9, 0]], [], "Anda"), 
(3, 2, 2, [[8, 0], [9, 0]], [], "Anda"), 
(2, 2, 2, [[8, 0], [9, 0]], [], "Anda"), 
(1, 2, 2, [[8, 0], [9, 0]], [], "Anda"), 
(1, 1, 2, [[8, 0], [9, 0]], [], "Anda"), 
(2, 1, 2, [[8, 0], [9, 0]], [], "Anda"), 
(2, 0, 2, [[8, 0], [9, 0]], [], "Anda"), 
(3, 0, 2, [[8, 0], [9, 0]], [], "Anda"), 
(4, 0, 2, [[8, 0], [9, 0]], [], "Anda"), 
(5, 0, 2, [[8, 0], [9, 0]], [], "Anda"), 
(6, 0, 2, [[8, 0], [9, 0]], [], "Anda"), 
(7, 0, 2, [[8, 0], [9, 0]], [], "Anda"), 
(8, 0, 2, [[8, 0], [9, 0]], [], "Anda"), 
(8, 0, 1, [[9, 0]], [], "Apaga"), 
(9, 0, 1, [[9, 0]], [], "Anda"), 
(9, 0, 0, [], [], "Apaga")]