S = 
[(0, 0, 0, [[3, 1], [4, 1], [4, 2], [5, 2], [6, 2], [6, 3]], [[2, 2], [6, 1], [7, 3]], "Comeco"), 
(2, 0, 0, [[3, 1], [4, 1], [4, 2], [5, 2], [6, 2], [6, 3]], [[2, 2], [6, 1], [7, 3]], "Anda"), 
(4, 0, 0, [[3, 1], [4, 1], [4, 2], [5, 2], [6, 2], [6, 3]], [[2, 2], [6, 1], [7, 3]], "Anda"), 
(6, 0, 0, [[3, 1], [4, 1], [4, 2], [5, 2], [6, 2], [6, 3]], [[2, 2], [6, 1], [7, 3]], "Anda"), 
(8, 0, 0, [[3, 1], [4, 1], [4, 2], [5, 2], [6, 2], [6, 3]], [[2, 2], [6, 1], [7, 3]], "Anda"), 
(9, 0, 0, [[3, 1], [4, 1], [4, 2], [5, 2], [6, 2], [6, 3]], [[2, 2], [6, 1], [7, 3]], "Anda"), 
(9, 1, 0, [[3, 1], [4, 1], [4, 2], [5, 2], [6, 2], [6, 3]], [[2, 2], [6, 1], [7, 3]], "Anda"), 
(8, 1, 0, [[3, 1], [4, 1], [4, 2], [5, 2], [6, 2], [6, 3]], [[2, 2], [6, 1], [7, 3]], "Anda"), 
(7, 1, 0, [[3, 1], [4, 1], [4, 2], [5, 2], [6, 2], [6, 3]], [[2, 2], [6, 1], [7, 3]], "Anda"), 
(6, 1, 0, [[3, 1], [4, 1], [4, 2], [5, 2], [6, 2], [6, 3]], [[2, 2], [6, 1], [7, 3]], "Anda"), 
(6, 1, 2, [[3, 1], [4, 1], [4, 2], [5, 2], [6, 2], [6, 3]], [[2, 2], [7, 3]], "Pega"), 
(7, 1, 2, [[3, 1], [4, 1], [4, 2], [5, 2], [6, 2], [6, 3]], [[2, 2], [7, 3]], "Anda"), 
(8, 1, 2, [[3, 1], [4, 1], [4, 2], [5, 2], [6, 2], [6, 3]], [[2, 2], [7, 3]], "Anda"), 
(8, 2, 2, [[3, 1], [4, 1], [4, 2], [5, 2], [6, 2], [6, 3]], [[2, 2], [7, 3]], "Anda"), 
(7, 2, 2, [[3, 1], [4, 1], [4, 2], [5, 2], [6, 2], [6, 3]], [[2, 2], [7, 3]], "Anda"), 
(6, 2, 2, [[3, 1], [4, 1], [4, 2], [5, 2], [6, 2], [6, 3]], [[2, 2], [7, 3]], "Anda"), 
(6, 2, 1, [[3, 1], [4, 1], [4, 2], [5, 2], [6, 3]], [[2, 2], [7, 3]], "Apaga"), 
(7, 2, 1, [[3, 1], [4, 1], [4, 2], [5, 2], [6, 3]], [[2, 2], [7, 3]], "Anda"), 
(8, 2, 1, [[3, 1], [4, 1], [4, 2], [5, 2], [6, 3]], [[2, 2], [7, 3]], "Anda"), 
(9, 2, 1, [[3, 1], [4, 1], [4, 2], [5, 2], [6, 3]], [[2, 2], [7, 3]], "Anda"), 
(9, 3, 1, [[3, 1], [4, 1], [4, 2], [5, 2], [6, 3]], [[2, 2], [7, 3]], "Anda"), 
(8, 3, 1, [[3, 1], [4, 1], [4, 2], [5, 2], [6, 3]], [[2, 2], [7, 3]], "Anda"), 
(7, 3, 1, [[3, 1], [4, 1], [4, 2], [5, 2], [6, 3]], [[2, 2], [7, 3]], "Anda"), 
(6, 3, 1, [[3, 1], [4, 1], [4, 2], [5, 2], [6, 3]], [[2, 2], [7, 3]], "Anda"), 
(6, 3, 0, [[3, 1], [4, 1], [4, 2], [5, 2]], [[2, 2], [7, 3]], "Apaga"), 
(7, 3, 0, [[3, 1], [4, 1], [4, 2], [5, 2]], [[2, 2], [7, 3]], "Anda"), 
(7, 3, 2, [[3, 1], [4, 1], [4, 2], [5, 2]], [[2, 2]], "Pega"), 
(8, 3, 2, [[3, 1], [4, 1], [4, 2], [5, 2]], [[2, 2]], "Anda"), 
(9, 3, 2, [[3, 1], [4, 1], [4, 2], [5, 2]], [[2, 2]], "Anda"), 
(9, 2, 2, [[3, 1], [4, 1], [4, 2], [5, 2]], [[2, 2]], "Anda"), 
(8, 2, 2, [[3, 1], [4, 1], [4, 2], [5, 2]], [[2, 2]], "Anda"), 
(7, 2, 2, [[3, 1], [4, 1], [4, 2], [5, 2]], [[2, 2]], "Anda"), 
(6, 2, 2, [[3, 1], [4, 1], [4, 2], [5, 2]], [[2, 2]], "Anda"), 
(5, 2, 2, [[3, 1], [4, 1], [4, 2], [5, 2]], [[2, 2]], "Anda"), 
(5, 2, 1, [[3, 1], [4, 1], [4, 2]], [[2, 2]], "Apaga"), 
(4, 2, 1, [[3, 1], [4, 1], [4, 2]], [[2, 2]], "Anda"), 
(4, 2, 0, [[3, 1], [4, 1]], [[2, 2]], "Apaga"), 
(3, 2, 0, [[3, 1], [4, 1]], [[2, 2]], "Anda"), 
(2, 2, 0, [[3, 1], [4, 1]], [[2, 2]], "Anda"), 
(2, 2, 2, [[3, 1], [4, 1]], [], "Pega"), 
(1, 2, 2, [[3, 1], [4, 1]], [], "Anda"), 
(0, 2, 2, [[3, 1], [4, 1]], [], "Anda"), 
(0, 1, 2, [[3, 1], [4, 1]], [], "Anda"), 
(1, 1, 2, [[3, 1], [4, 1]], [], "Anda"), 
(2, 1, 2, [[3, 1], [4, 1]], [], "Anda"), 
(3, 1, 2, [[3, 1], [4, 1]], [], "Anda"), 
(3, 1, 1, [[4, 1]], [], "Apaga"), 
(4, 1, 1, [[4, 1]], [], "Anda"), 
(4, 1, 0, [], [], "Apaga")]