S = 
[(0, 0, 0, [[2, 1], [4, 4]], [[9, 0]], "Comeco"), 
(1, 0, 0, [[2, 1], [4, 4]], [[9, 0]], "Anda"), 
(2, 0, 0, [[2, 1], [4, 4]], [[9, 0]], "Anda"), 
(3, 0, 0, [[2, 1], [4, 4]], [[9, 0]], "Anda"), 
(4, 0, 0, [[2, 1], [4, 4]], [[9, 0]], "Anda"), 
(5, 0, 0, [[2, 1], [4, 4]], [[9, 0]], "Anda"), 
(6, 0, 0, [[2, 1], [4, 4]], [[9, 0]], "Anda"), 
(7, 0, 0, [[2, 1], [4, 4]], [[9, 0]], "Anda"), 
(8, 0, 0, [[2, 1], [4, 4]], [[9, 0]], "Anda"), 
(9, 0, 0, [[2, 1], [4, 4]], [[9, 0]], "Anda"), 
(9, 0, 2, [[2, 1], [4, 4]], [], "Pega"), 
(8, 0, 2, [[2, 1], [4, 4]], [], "Anda"), 
(7, 0, 2, [[2, 1], [4, 4]], [], "Anda"), 
(6, 0, 2, [[2, 1], [4, 4]], [], "Anda"), 
(5, 0, 2, [[2, 1], [4, 4]], [], "Anda"), 
(5, 1, 2, [[2, 1], [4, 4]], [], "Anda"), 
(6, 1, 2, [[2, 1], [4, 4]], [], "Anda"), 
(7, 1, 2, [[2, 1], [4, 4]], [], "Anda"), 
(7, 2, 2, [[2, 1], [4, 4]], [], "Anda"), 
(8, 2, 2, [[2, 1], [4, 4]], [], "Anda"), 
(9, 2, 2, [[2, 1], [4, 4]], [], "Anda"), 
(9, 3, 2, [[2, 1], [4, 4]], [], "Anda"), 
(8, 3, 2, [[2, 1], [4, 4]], [], "Anda"), 
(7, 3, 2, [[2, 1], [4, 4]], [], "Anda"), 
(7, 4, 2, [[2, 1], [4, 4]], [], "Anda"), 
(6, 4, 2, [[2, 1], [4, 4]], [], "Anda"), 
(5, 4, 2, [[2, 1], [4, 4]], [], "Anda"), 
(4, 4, 2, [[2, 1], [4, 4]], [], "Anda"), 
(4, 4, 1, [[2, 1]], [], "Apaga"), 
(2, 4, 1, [[2, 1]], [], "Anda"), 
(1, 4, 1, [[2, 1]], [], "Anda"), 
(0, 4, 1, [[2, 1]], [], "Anda"), 
(0, 3, 1, [[2, 1]], [], "Anda"), 
(1, 3, 1, [[2, 1]], [], "Anda"), 
(1, 2, 1, [[2, 1]], [], "Anda"), 
(0, 2, 1, [[2, 1]], [], "Anda"), 
(0, 1, 1, [[2, 1]], [], "Anda"), 
(1, 1, 1, [[2, 1]], [], "Anda"), 
(2, 1, 1, [[2, 1]], [], "Anda"), 
(2, 1, 0, [], [], "Apaga")]