S = 
[(0, 0, 0, [[4, 0], [1, 2], [7, 4]], [[6, 0], [5, 2]], "Comeco"), 
(2, 0, 0, [[4, 0], [1, 2], [7, 4]], [[6, 0], [5, 2]], "Anda"), 
(3, 0, 0, [[4, 0], [1, 2], [7, 4]], [[6, 0], [5, 2]], "Anda"), 
(3, 1, 0, [[4, 0], [1, 2], [7, 4]], [[6, 0], [5, 2]], "Anda"), 
(4, 1, 0, [[4, 0], [1, 2], [7, 4]], [[6, 0], [5, 2]], "Anda"), 
(5, 1, 0, [[4, 0], [1, 2], [7, 4]], [[6, 0], [5, 2]], "Anda"), 
(6, 1, 0, [[4, 0], [1, 2], [7, 4]], [[6, 0], [5, 2]], "Anda"), 
(7, 1, 0, [[4, 0], [1, 2], [7, 4]], [[6, 0], [5, 2]], "Anda"), 
(8, 1, 0, [[4, 0], [1, 2], [7, 4]], [[6, 0], [5, 2]], "Anda"), 
(8, 0, 0, [[4, 0], [1, 2], [7, 4]], [[6, 0], [5, 2]], "Anda"), 
(7, 0, 0, [[4, 0], [1, 2], [7, 4]], [[6, 0], [5, 2]], "Anda"), 
(6, 0, 0, [[4, 0], [1, 2], [7, 4]], [[6, 0], [5, 2]], "Anda"), 
(6, 0, 2, [[4, 0], [1, 2], [7, 4]], [[5, 2]], "Pega"), 
(7, 0, 2, [[4, 0], [1, 2], [7, 4]], [[5, 2]], "Anda"), 
(8, 0, 2, [[4, 0], [1, 2], [7, 4]], [[5, 2]], "Anda"), 
(8, 1, 2, [[4, 0], [1, 2], [7, 4]], [[5, 2]], "Anda"), 
(7, 1, 2, [[4, 0], [1, 2], [7, 4]], [[5, 2]], "Anda"), 
(6, 1, 2, [[4, 0], [1, 2], [7, 4]], [[5, 2]], "Anda"), 
(5, 1, 2, [[4, 0], [1, 2], [7, 4]], [[5, 2]], "Anda"), 
(4, 1, 2, [[4, 0], [1, 2], [7, 4]], [[5, 2]], "Anda"), 
(3, 1, 2, [[4, 0], [1, 2], [7, 4]], [[5, 2]], "Anda"), 
(1, 1, 2, [[4, 0], [1, 2], [7, 4]], [[5, 2]], "Anda"), 
(0, 1, 2, [[4, 0], [1, 2], [7, 4]], [[5, 2]], "Anda"), 
(0, 2, 2, [[4, 0], [1, 2], [7, 4]], [[5, 2]], "Anda"), 
(1, 2, 2, [[4, 0], [1, 2], [7, 4]], [[5, 2]], "Anda"), 
(1, 2, 1, [[4, 0], [7, 4]], [[5, 2]], "Apaga"), 
(2, 2, 1, [[4, 0], [7, 4]], [[5, 2]], "Anda"), 
(3, 2, 1, [[4, 0], [7, 4]], [[5, 2]], "Anda"), 
(3, 3, 1, [[4, 0], [7, 4]], [[5, 2]], "Anda"), 
(4, 3, 1, [[4, 0], [7, 4]], [[5, 2]], "Anda"), 
(6, 3, 1, [[4, 0], [7, 4]], [[5, 2]], "Anda"), 
(7, 3, 1, [[4, 0], [7, 4]], [[5, 2]], "Anda"), 
(8, 3, 1, [[4, 0], [7, 4]], [[5, 2]], "Anda"), 
(8, 4, 1, [[4, 0], [7, 4]], [[5, 2]], "Anda"), 
(7, 4, 1, [[4, 0], [7, 4]], [[5, 2]], "Anda"), 
(7, 4, 0, [[4, 0]], [[5, 2]], "Apaga"), 
(8, 4, 0, [[4, 0]], [[5, 2]], "Anda"), 
(8, 3, 0, [[4, 0]], [[5, 2]], "Anda"), 
(9, 3, 0, [[4, 0]], [[5, 2]], "Anda"), 
(9, 2, 0, [[4, 0]], [[5, 2]], "Anda"), 
(8, 2, 0, [[4, 0]], [[5, 2]], "Anda"), 
(7, 2, 0, [[4, 0]], [[5, 2]], "Anda"), 
(6, 2, 0, [[4, 0]], [[5, 2]], "Anda"), 
(5, 2, 0, [[4, 0]], [[5, 2]], "Anda"), 
(5, 2, 2, [[4, 0]], [], "Pega"), 
(6, 2, 2, [[4, 0]], [], "Anda"), 
(6, 1, 2, [[4, 0]], [], "Anda"), 
(5, 1, 2, [[4, 0]], [], "Anda"), 
(4, 1, 2, [[4, 0]], [], "Anda"), 
(3, 1, 2, [[4, 0]], [], "Anda"), 
(3, 0, 2, [[4, 0]], [], "Anda"), 
(4, 0, 2, [[4, 0]], [], "Anda"), 
(4, 0, 1, [], [], "Apaga")]