S = 
[(0, 2, 0, [[1, 0], [8, 1], [9, 2], [0, 3], [8, 3], [9, 4]], [[7, 0], [0, 1], [0, 4]], "Comeco"), 
(1, 2, 0, [[1, 0], [8, 1], [9, 2], [0, 3], [8, 3], [9, 4]], [[7, 0], [0, 1], [0, 4]], "Anda"), 
(3, 2, 0, [[1, 0], [8, 1], [9, 2], [0, 3], [8, 3], [9, 4]], [[7, 0], [0, 1], [0, 4]], "Anda"), 
(4, 2, 0, [[1, 0], [8, 1], [9, 2], [0, 3], [8, 3], [9, 4]], [[7, 0], [0, 1], [0, 4]], "Anda"), 
(4, 1, 0, [[1, 0], [8, 1], [9, 2], [0, 3], [8, 3], [9, 4]], [[7, 0], [0, 1], [0, 4]], "Anda"), 
(3, 1, 0, [[1, 0], [8, 1], [9, 2], [0, 3], [8, 3], [9, 4]], [[7, 0], [0, 1], [0, 4]], "Anda"), 
(2, 1, 0, [[1, 0], [8, 1], [9, 2], [0, 3], [8, 3], [9, 4]], [[7, 0], [0, 1], [0, 4]], "Anda"), 
(1, 1, 0, [[1, 0], [8, 1], [9, 2], [0, 3], [8, 3], [9, 4]], [[7, 0], [0, 1], [0, 4]], "Anda"), 
(0, 1, 0, [[1, 0], [8, 1], [9, 2], [0, 3], [8, 3], [9, 4]], [[7, 0], [0, 1], [0, 4]], "Anda"), 
(0, 1, 2, [[1, 0], [8, 1], [9, 2], [0, 3], [8, 3], [9, 4]], [[7, 0], [0, 4]], "Pega"), 
(1, 1, 2, [[1, 0], [8, 1], [9, 2], [0, 3], [8, 3], [9, 4]], [[7, 0], [0, 4]], "Anda"), 
(2, 1, 2, [[1, 0], [8, 1], [9, 2], [0, 3], [8, 3], [9, 4]], [[7, 0], [0, 4]], "Anda"), 
(3, 1, 2, [[1, 0], [8, 1], [9, 2], [0, 3], [8, 3], [9, 4]], [[7, 0], [0, 4]], "Anda"), 
(4, 1, 2, [[1, 0], [8, 1], [9, 2], [0, 3], [8, 3], [9, 4]], [[7, 0], [0, 4]], "Anda"), 
(5, 1, 2, [[1, 0], [8, 1], [9, 2], [0, 3], [8, 3], [9, 4]], [[7, 0], [0, 4]], "Anda"), 
(5, 0, 2, [[1, 0], [8, 1], [9, 2], [0, 3], [8, 3], [9, 4]], [[7, 0], [0, 4]], "Anda"), 
(4, 0, 2, [[1, 0], [8, 1], [9, 2], [0, 3], [8, 3], [9, 4]], [[7, 0], [0, 4]], "Anda"), 
(2, 0, 2, [[1, 0], [8, 1], [9, 2], [0, 3], [8, 3], [9, 4]], [[7, 0], [0, 4]], "Anda"), 
(1, 0, 2, [[1, 0], [8, 1], [9, 2], [0, 3], [8, 3], [9, 4]], [[7, 0], [0, 4]], "Anda"), 
(1, 0, 1, [[8, 1], [9, 2], [0, 3], [8, 3], [9, 4]], [[7, 0], [0, 4]], "Apaga"), 
(2, 0, 1, [[8, 1], [9, 2], [0, 3], [8, 3], [9, 4]], [[7, 0], [0, 4]], "Anda"), 
(4, 0, 1, [[8, 1], [9, 2], [0, 3], [8, 3], [9, 4]], [[7, 0], [0, 4]], "Anda"), 
(5, 0, 1, [[8, 1], [9, 2], [0, 3], [8, 3], [9, 4]], [[7, 0], [0, 4]], "Anda"), 
(5, 1, 1, [[8, 1], [9, 2], [0, 3], [8, 3], [9, 4]], [[7, 0], [0, 4]], "Anda"), 
(6, 1, 1, [[8, 1], [9, 2], [0, 3], [8, 3], [9, 4]], [[7, 0], [0, 4]], "Anda"), 
(7, 1, 1, [[8, 1], [9, 2], [0, 3], [8, 3], [9, 4]], [[7, 0], [0, 4]], "Anda"), 
(8, 1, 1, [[8, 1], [9, 2], [0, 3], [8, 3], [9, 4]], [[7, 0], [0, 4]], "Anda"), 
(8, 1, 0, [[9, 2], [0, 3], [8, 3], [9, 4]], [[7, 0], [0, 4]], "Apaga"), 
(9, 1, 0, [[9, 2], [0, 3], [8, 3], [9, 4]], [[7, 0], [0, 4]], "Anda"), 
(9, 0, 0, [[9, 2], [0, 3], [8, 3], [9, 4]], [[7, 0], [0, 4]], "Anda"), 
(8, 0, 0, [[9, 2], [0, 3], [8, 3], [9, 4]], [[7, 0], [0, 4]], "Anda"), 
(7, 0, 0, [[9, 2], [0, 3], [8, 3], [9, 4]], [[7, 0], [0, 4]], "Anda"), 
(7, 0, 2, [[9, 2], [0, 3], [8, 3], [9, 4]], [[0, 4]], "Pega"), 
(8, 0, 2, [[9, 2], [0, 3], [8, 3], [9, 4]], [[0, 4]], "Anda"), 
(9, 0, 2, [[9, 2], [0, 3], [8, 3], [9, 4]], [[0, 4]], "Anda"), 
(9, 1, 2, [[9, 2], [0, 3], [8, 3], [9, 4]], [[0, 4]], "Anda"), 
(8, 1, 2, [[9, 2], [0, 3], [8, 3], [9, 4]], [[0, 4]], "Anda"), 
(7, 1, 2, [[9, 2], [0, 3], [8, 3], [9, 4]], [[0, 4]], "Anda"), 
(6, 1, 2, [[9, 2], [0, 3], [8, 3], [9, 4]], [[0, 4]], "Anda"), 
(5, 1, 2, [[9, 2], [0, 3], [8, 3], [9, 4]], [[0, 4]], "Anda"), 
(4, 1, 2, [[9, 2], [0, 3], [8, 3], [9, 4]], [[0, 4]], "Anda"), 
(4, 2, 2, [[9, 2], [0, 3], [8, 3], [9, 4]], [[0, 4]], "Anda"), 
(5, 2, 2, [[9, 2], [0, 3], [8, 3], [9, 4]], [[0, 4]], "Anda"), 
(6, 2, 2, [[9, 2], [0, 3], [8, 3], [9, 4]], [[0, 4]], "Anda"), 
(8, 2, 2, [[9, 2], [0, 3], [8, 3], [9, 4]], [[0, 4]], "Anda"), 
(9, 2, 2, [[9, 2], [0, 3], [8, 3], [9, 4]], [[0, 4]], "Anda"), 
(9, 2, 1, [[0, 3], [8, 3], [9, 4]], [[0, 4]], "Apaga"), 
(8, 2, 1, [[0, 3], [8, 3], [9, 4]], [[0, 4]], "Anda"), 
(6, 2, 1, [[0, 3], [8, 3], [9, 4]], [[0, 4]], "Anda"), 
(5, 2, 1, [[0, 3], [8, 3], [9, 4]], [[0, 4]], "Anda"), 
(5, 3, 1, [[0, 3], [8, 3], [9, 4]], [[0, 4]], "Anda"), 
(4, 3, 1, [[0, 3], [8, 3], [9, 4]], [[0, 4]], "Anda"), 
(3, 3, 1, [[0, 3], [8, 3], [9, 4]], [[0, 4]], "Anda"), 
(2, 3, 1, [[0, 3], [8, 3], [9, 4]], [[0, 4]], "Anda"), 
(1, 3, 1, [[0, 3], [8, 3], [9, 4]], [[0, 4]], "Anda"), 
(0, 3, 1, [[0, 3], [8, 3], [9, 4]], [[0, 4]], "Anda"), 
(0, 3, 0, [[8, 3], [9, 4]], [[0, 4]], "Apaga"), 
(1, 3, 0, [[8, 3], [9, 4]], [[0, 4]], "Anda"), 
(1, 4, 0, [[8, 3], [9, 4]], [[0, 4]], "Anda"), 
(0, 4, 0, [[8, 3], [9, 4]], [[0, 4]], "Anda"), 
(0, 4, 2, [[8, 3], [9, 4]], [], "Pega"), 
(1, 4, 2, [[8, 3], [9, 4]], [], "Anda"), 
(1, 3, 2, [[8, 3], [9, 4]], [], "Anda"), 
(2, 3, 2, [[8, 3], [9, 4]], [], "Anda"), 
(3, 3, 2, [[8, 3], [9, 4]], [], "Anda"), 
(4, 3, 2, [[8, 3], [9, 4]], [], "Anda"), 
(5, 3, 2, [[8, 3], [9, 4]], [], "Anda"), 
(6, 3, 2, [[8, 3], [9, 4]], [], "Anda"), 
(7, 3, 2, [[8, 3], [9, 4]], [], "Anda"), 
(8, 3, 2, [[8, 3], [9, 4]], [], "Anda"), 
(8, 3, 1, [[9, 4]], [], "Apaga"), 
(7, 3, 1, [[9, 4]], [], "Anda"), 
(6, 3, 1, [[9, 4]], [], "Anda"), 
(6, 4, 1, [[9, 4]], [], "Anda"), 
(7, 4, 1, [[9, 4]], [], "Anda"), 
(8, 4, 1, [[9, 4]], [], "Anda"), 
(9, 4, 1, [[9, 4]], [], "Anda"), 
(9, 4, 0, [], [], "Apaga")]