S = 
[(0, 0, 0, [[8, 0], [9, 4]], [[1, 2]], "Comeco"), 
(1, 0, 0, [[8, 0], [9, 4]], [[1, 2]], "Anda"), 
(2, 0, 0, [[8, 0], [9, 4]], [[1, 2]], "Anda"), 
(3, 0, 0, [[8, 0], [9, 4]], [[1, 2]], "Anda"), 
(4, 0, 0, [[8, 0], [9, 4]], [[1, 2]], "Anda"), 
(4, 1, 0, [[8, 0], [9, 4]], [[1, 2]], "Anda"), 
(5, 1, 0, [[8, 0], [9, 4]], [[1, 2]], "Anda"), 
(7, 1, 0, [[8, 0], [9, 4]], [[1, 2]], "Anda"), 
(8, 1, 0, [[8, 0], [9, 4]], [[1, 2]], "Anda"), 
(8, 2, 0, [[8, 0], [9, 4]], [[1, 2]], "Anda"), 
(9, 2, 0, [[8, 0], [9, 4]], [[1, 2]], "Anda"), 
(9, 3, 0, [[8, 0], [9, 4]], [[1, 2]], "Anda"), 
(8, 3, 0, [[8, 0], [9, 4]], [[1, 2]], "Anda"), 
(7, 3, 0, [[8, 0], [9, 4]], [[1, 2]], "Anda"), 
(5, 3, 0, [[8, 0], [9, 4]], [[1, 2]], "Anda"), 
(4, 3, 0, [[8, 0], [9, 4]], [[1, 2]], "Anda"), 
(4, 4, 0, [[8, 0], [9, 4]], [[1, 2]], "Anda"), 
(3, 4, 0, [[8, 0], [9, 4]], [[1, 2]], "Anda"), 
(2, 4, 0, [[8, 0], [9, 4]], [[1, 2]], "Anda"), 
(2, 3, 0, [[8, 0], [9, 4]], [[1, 2]], "Anda"), 
(1, 3, 0, [[8, 0], [9, 4]], [[1, 2]], "Anda"), 
(0, 3, 0, [[8, 0], [9, 4]], [[1, 2]], "Anda"), 
(0, 2, 0, [[8, 0], [9, 4]], [[1, 2]], "Anda"), 
(1, 2, 0, [[8, 0], [9, 4]], [[1, 2]], "Anda"), 
(1, 2, 2, [[8, 0], [9, 4]], [], "Pega"), 
(0, 2, 2, [[8, 0], [9, 4]], [], "Anda"), 
(0, 3, 2, [[8, 0], [9, 4]], [], "Anda"), 
(1, 3, 2, [[8, 0], [9, 4]], [], "Anda"), 
(2, 3, 2, [[8, 0], [9, 4]], [], "Anda"), 
(2, 4, 2, [[8, 0], [9, 4]], [], "Anda"), 
(3, 4, 2, [[8, 0], [9, 4]], [], "Anda"), 
(4, 4, 2, [[8, 0], [9, 4]], [], "Anda"), 
(4, 3, 2, [[8, 0], [9, 4]], [], "Anda"), 
(5, 3, 2, [[8, 0], [9, 4]], [], "Anda"), 
(7, 3, 2, [[8, 0], [9, 4]], [], "Anda"), 
(8, 3, 2, [[8, 0], [9, 4]], [], "Anda"), 
(8, 4, 2, [[8, 0], [9, 4]], [], "Anda"), 
(9, 4, 2, [[8, 0], [9, 4]], [], "Anda"), 
(9, 4, 1, [[8, 0]], [], "Apaga"), 
(8, 4, 1, [[8, 0]], [], "Anda"), 
(8, 3, 1, [[8, 0]], [], "Anda"), 
(9, 3, 1, [[8, 0]], [], "Anda"), 
(9, 2, 1, [[8, 0]], [], "Anda"), 
(8, 2, 1, [[8, 0]], [], "Anda"), 
(8, 1, 1, [[8, 0]], [], "Anda"), 
(7, 1, 1, [[8, 0]], [], "Anda"), 
(5, 1, 1, [[8, 0]], [], "Anda"), 
(4, 1, 1, [[8, 0]], [], "Anda"), 
(4, 0, 1, [[8, 0]], [], "Anda"), 
(5, 0, 1, [[8, 0]], [], "Anda"), 
(6, 0, 1, [[8, 0]], [], "Anda"), 
(7, 0, 1, [[8, 0]], [], "Anda"), 
(8, 0, 1, [[8, 0]], [], "Anda"), 
(8, 0, 0, [], [], "Apaga")]