S = 
[(0, 0, 0, [[3, 0], [3, 2]], [[9, 0]], "Comeco"), 
(1, 0, 0, [[3, 0], [3, 2]], [[9, 0]], "Anda"), 
(2, 0, 0, [[3, 0], [3, 2]], [[9, 0]], "Anda"), 
(2, 1, 0, [[3, 0], [3, 2]], [[9, 0]], "Anda"), 
(1, 1, 0, [[3, 0], [3, 2]], [[9, 0]], "Anda"), 
(0, 1, 0, [[3, 0], [3, 2]], [[9, 0]], "Anda"), 
(0, 2, 0, [[3, 0], [3, 2]], [[9, 0]], "Anda"), 
(1, 2, 0, [[3, 0], [3, 2]], [[9, 0]], "Anda"), 
(2, 2, 0, [[3, 0], [3, 2]], [[9, 0]], "Anda"), 
(2, 3, 0, [[3, 0], [3, 2]], [[9, 0]], "Anda"), 
(2, 4, 0, [[3, 0], [3, 2]], [[9, 0]], "Anda"), 
(3, 4, 0, [[3, 0], [3, 2]], [[9, 0]], "Anda"), 
(4, 4, 0, [[3, 0], [3, 2]], [[9, 0]], "Anda"), 
(5, 4, 0, [[3, 0], [3, 2]], [[9, 0]], "Anda"), 
(6, 4, 0, [[3, 0], [3, 2]], [[9, 0]], "Anda"), 
(8, 4, 0, [[3, 0], [3, 2]], [[9, 0]], "Anda"), 
(9, 4, 0, [[3, 0], [3, 2]], [[9, 0]], "Anda"), 
(9, 3, 0, [[3, 0], [3, 2]], [[9, 0]], "Anda"), 
(8, 3, 0, [[3, 0], [3, 2]], [[9, 0]], "Anda"), 
(6, 3, 0, [[3, 0], [3, 2]], [[9, 0]], "Anda"), 
(5, 3, 0, [[3, 0], [3, 2]], [[9, 0]], "Anda"), 
(5, 2, 0, [[3, 0], [3, 2]], [[9, 0]], "Anda"), 
(6, 2, 0, [[3, 0], [3, 2]], [[9, 0]], "Anda"), 
(8, 2, 0, [[3, 0], [3, 2]], [[9, 0]], "Anda"), 
(9, 2, 0, [[3, 0], [3, 2]], [[9, 0]], "Anda"), 
(9, 1, 0, [[3, 0], [3, 2]], [[9, 0]], "Anda"), 
(8, 1, 0, [[3, 0], [3, 2]], [[9, 0]], "Anda"), 
(6, 1, 0, [[3, 0], [3, 2]], [[9, 0]], "Anda"), 
(5, 1, 0, [[3, 0], [3, 2]], [[9, 0]], "Anda"), 
(5, 0, 0, [[3, 0], [3, 2]], [[9, 0]], "Anda"), 
(6, 0, 0, [[3, 0], [3, 2]], [[9, 0]], "Anda"), 
(8, 0, 0, [[3, 0], [3, 2]], [[9, 0]], "Anda"), 
(9, 0, 0, [[3, 0], [3, 2]], [[9, 0]], "Anda"), 
(9, 0, 2, [[3, 0], [3, 2]], [], "Pega"), 
(8, 0, 2, [[3, 0], [3, 2]], [], "Anda"), 
(6, 0, 2, [[3, 0], [3, 2]], [], "Anda"), 
(5, 0, 2, [[3, 0], [3, 2]], [], "Anda"), 
(5, 1, 2, [[3, 0], [3, 2]], [], "Anda"), 
(6, 1, 2, [[3, 0], [3, 2]], [], "Anda"), 
(8, 1, 2, [[3, 0], [3, 2]], [], "Anda"), 
(9, 1, 2, [[3, 0], [3, 2]], [], "Anda"), 
(9, 2, 2, [[3, 0], [3, 2]], [], "Anda"), 
(8, 2, 2, [[3, 0], [3, 2]], [], "Anda"), 
(6, 2, 2, [[3, 0], [3, 2]], [], "Anda"), 
(5, 2, 2, [[3, 0], [3, 2]], [], "Anda"), 
(5, 3, 2, [[3, 0], [3, 2]], [], "Anda"), 
(6, 3, 2, [[3, 0], [3, 2]], [], "Anda"), 
(8, 3, 2, [[3, 0], [3, 2]], [], "Anda"), 
(9, 3, 2, [[3, 0], [3, 2]], [], "Anda"), 
(9, 4, 2, [[3, 0], [3, 2]], [], "Anda"), 
(8, 4, 2, [[3, 0], [3, 2]], [], "Anda"), 
(6, 4, 2, [[3, 0], [3, 2]], [], "Anda"), 
(5, 4, 2, [[3, 0], [3, 2]], [], "Anda"), 
(4, 4, 2, [[3, 0], [3, 2]], [], "Anda"), 
(3, 4, 2, [[3, 0], [3, 2]], [], "Anda"), 
(2, 4, 2, [[3, 0], [3, 2]], [], "Anda"), 
(2, 3, 2, [[3, 0], [3, 2]], [], "Anda"), 
(2, 2, 2, [[3, 0], [3, 2]], [], "Anda"), 
(3, 2, 2, [[3, 0], [3, 2]], [], "Anda"), 
(3, 2, 1, [[3, 0]], [], "Apaga"), 
(2, 2, 1, [[3, 0]], [], "Anda"), 
(1, 2, 1, [[3, 0]], [], "Anda"), 
(0, 2, 1, [[3, 0]], [], "Anda"), 
(0, 1, 1, [[3, 0]], [], "Anda"), 
(1, 1, 1, [[3, 0]], [], "Anda"), 
(2, 1, 1, [[3, 0]], [], "Anda"), 
(2, 0, 1, [[3, 0]], [], "Anda"), 
(3, 0, 1, [[3, 0]], [], "Anda"), 
(3, 0, 0, [], [], "Apaga")]